13	5	1	5	7	9	1	7	13	1	1	5	5	1	5	7
9	5	4	3	9	6	8	5	5	2	12	3	9	0	3	11
8	3	9	4	4	3	8	3	9	2	9	0	6	10	12	2
10	12	0	3	9	0	6	8	2	12	6	12	3	10	9	2
10	9	6	8	6	8	3	14	10	9	3	9	4	4	6	10
8	6	11	8	3	10	12	7	8	6	12	0	3	9	3	10
8	3	8	6	12	2	11	13	4	5	5	6	8	6	12	2
10	12	0	3	9	0	6	9	1	3	11	11	8	5	5	2
10	9	6	8	6	14	11	12	6	8	6	12	0	3	9	2
8	0	3	8	5	7	12	1	5	4	3	13	6	12	6	10
14	10	14	8	3	9	7	12	3	9	4	5	3	9	3	10
11	10	9	6	12	4	3	13	4	0	3	9	4	6	8	2
8	4	2	9	7	9	6	11	9	6	12	0	3	11	10	14
10	13	2	8	3	8	3	12	4	1	1	6	12	0	2	11
10	13	0	6	12	2	12	3	9	6	12	3	9	6	12	2
12	5	4	5	5	6	13	4	4	5	5	4	4	5	5	6
